0.09473684210526316
0.06315789473684211
0.09568627450980392
0.07688592678450691
0.1509090909090909
0.06871035940803383
0.09430512016718913
0.17481259370314842
0.04141414141414142
0.06280193236714976
0.1465149359886202
0.12295081967213115
0.13352685050798258
0.010526315789473684
0.27351798635875774
0.04926108374384237
0.24965374488227327
0.054901960784313725
0.13801216765822996
0.1836734693877551
0.10766045548654245
0.18024076380240764
0.25717108387954785
0.0
0.015384615384615385
0.2419420644634843
0.043478260869565216
0.04979591836734694
0.11688311688311688
0.1762670035549549
0.1658141517476556
0.0726950354609929
0.14799534539299694
0.111666954171698
0.042105263157894736
0.0722554144884242
0.008064516129032258
0.1506961506961507
0.05446853516657853
0.05204872646733112
0.14593167859499517
0.18302277432712216
0.0817347789824854
0.0033333333333333335
0.06190476190476191
0.0
0.021337126600284494
0.23051443713450293
0.11482168625025768
0.017391304347826087
0.04516129032258064
0.11457418788410886
0.04734299516908213
0.11733615221987315
0.04267425320056899
0.1385267059368588
0.13098086124401914
0.11986301369863013
0.14652014652014653
0.10976430976430976
0.22709017889740782
0.1444121915820029
0.17719072164948454
0.014285714285714285
0.05698005698005698
0.04591836734693878
0.08928231486769465
0.11142209782753565
0.14938271604938272
0.06817513958272113
0.02766798418972332
0.10405070267291265
0.21759975911893117
0.03741496598639456
0.18591954022988505
0.06842105263157895
0.18467293499140633
0.2237831248367341
0.10235690235690235
0.04504504504504504
0.20267295597484278
0.02699055330634278
0.20341614906832298
0.11814092953523238
0.10509610298007406
0.16908939014202173
0.05161290322580645
0.19496680561988575
0.07832167832167833
0.03346938775510204
0.13020134228187918
0.11048913767826203
0.17076665870551708
0.19937205651491366
0.15995151623981504
0.10982456140350877
0.20189468503937008
0.09295774647887324
0.16281715781089998
0.006666666666666667
0.09494949494949495
0.11246040356770935
0.11095859071150767
0.09578947368421052
0.1856415848782261
0.09797979797979799
0.0625
0.0064516129032258064
0.05138339920948617
0.03991596638655462
0.20036225633948593
0.014285714285714285
0.008547008547008548
0.0
0.12560975609756098
0.14
0.16835016835016836
0.10390633794889113
0.14783541341653667
0.16978736908917805
0.07151898734177216
0.05897435897435897
0.0946969696969697
0.130812324929972
0.1771246297562087
0.031746031746031744
0.009523809523809525
0.1568371055516028
0.009230769230769232
0.18625311942959002
0.0613107822410148
0.20636010066346375
0.19818447279883197
0.20999896276319885
0.030303030303030304
0.1346938775510204
0.11487341772151899
0.17592592592592593
0.15978928884986832
0.18647342995169083
0.034408602150537634
0.09180327868852459
0.1657552973342447
0.05975609756097561
0.011379800853485065
0.18645357686453576
0.07112375533428165
0.16817025213971779
0.17459062676453982
0.2137450339688286
0.06349206349206349
0.2429712932820361
0.07294117647058823
0.024615384615384615
0.054901960784313725
0.11818181818181818
0.1736101934874941
0.1
0.16243794815223386
0.08484848484848485
0.06766541822721597
0.029885057471264367
0.13364197530864197
0.09424872026498042
0.29329649064990154
0.1292207792207792
0.025362318840579712
0.06521739130434782
0.1690897597977244
0.033846153846153845
0.0797872340425532
0.010869565217391304
0.0038461538461538464
0.08571428571428572
0.07135483870967742
0.22037377450980392
0.12936418962203716
0.21383422778771616
0.08819345661450925
0.0036231884057971015
0.05698005698005698
0.05648854961832061
0.020731707317073172
0.04040404040404041
0.1484593837535014
0.14169570267131243
0.2159729388831556
0.08565656565656565
0.11668831168831169
0.04519774011299435
0.024630541871921183
0.04781144781144781
0.08158508158508158
0.04163265306122449
0.17906620090312686
0.113997113997114
0.06554019457245264
0.12468468468468469
0.23673042068647207
0.22673944413074848
0.07410919929548841
0.13263157894736843
0.07957957957957958
0.09247311827956989
0.21955955481884917
0.03913630229419703
0.051207729468599035
0.09840425531914894
0.0
0.028225806451612902
0.055218855218855216
0.22812263535551205
0.2868023066042868
0.1488306787767101
0.06568832983927324
0.11954230653417645
0.11781179985063481
0.05226480836236934
0.12260657992171797
0.16287004998077662
0.02631578947368421
0.14576802507836992
0.046031746031746035
0.04231974921630094
0.018518518518518517
0.07936507936507936
0.07076923076923076
0.08700564971751412
0.03977272727272727
0.13978494623655913
0.036290322580645164
0.15570081947799724
0.0031746031746031746
0.15469107551487415
0.19589442815249267
0.18685938500960922
0.14693446088794926
0.20097680097680098
0.15987676264960304
0.213480159483577
0.047402597402597405
0.09532625533683454
0.17730088778182282
0.18215475749722326
0.112
0.046153846153846156
0.11363973313565603
0.0696763553906411
0.02631578947368421
0.15617930456640133
0.191140863124911
0.03556187766714083
0.17336202773792445
0.11803444782168186
0.1336206896551724
0.019943019943019943
0.23358081096516276
0.024193548387096774
0.07407407407407407
0.14146341463414633
0.14204081632653062
0.2866929651545036
0.14174817574910728
0.06628787878787878
0.11175163634180027
0.044534412955465584
0.0951219512195122
0.23442355889724312
0.04
0.20803646671263312
0.12128325508607199
0.1241565452091768
0.20377448638318205
0.0553306342780027
0.15669178858184327
0.09523809523809523
0.13914095583787053
0.09216255442670537
0.07518796992481203
0.008658008658008658
0.17554953327311051
0.17422822147231595
0.23809523809523808
0.06711915535444947
0.1716630455584199
0.053156146179401995
0.16781301546792818
0.07171171171171171
0.05263157894736842
0.13930348258706468
0.0946271050521251
0.1902708879827546
0.14800389483933787
0.24217122726491358
0.18193292463036423
0.07894736842105263
0.18946366232941922
0.035315315315315315
0.30069534402406156
0.07822410147991543
0.015810276679841896
0.0016806722689075631
0.16818163454934756
0.16071428571428573
0.029556650246305417
0.14460012518657614
0.10446009389671361
0.08688524590163935
0.12303149606299213
0.05789473684210526
0.23906484071791173
0.19646145423779426
0.19511121867505665
0.06951871657754011
0.12323232323232323
0.13309352517985612
0.030303030303030304
0.10578609000584453
0.005263157894736842
0.06412583182093164
0.08540540540540541
0.09413067552602436
0.08695652173913043
0.13077262693156733
0.03684210526315789
0.039886039886039885
0.11623143881208398
0.1502958579881657
0.05194805194805195
0.12340425531914893
0.07333333333333333
0.15120967741935484
0.075
0.053475935828877004
0.04743083003952569
0.04516129032258064
0.14736842105263157
0.039473684210526314
0.16428571428571428
0.08367071524966262
0.07792207792207792
0.10850439882697947
0.053426248548199766
0.1593477144324602
0.1861699793778246
0.21745496330343242
0.0735930735930736
0.04499274310595065
0.019762845849802372
0.14692044482463645
0.03205128205128205
0.16006884681583478
0.20631920862247158
0.06862745098039216
0.16540462794534455
0.09047619047619047
0.022988505747126436
0.13955250584099854
0.13816425120772946
0.032716927453769556
0.07577639751552795
0.19555618857712576
0.12771144278606966
0.10793650793650794
0.12298136645962733
0.11764705882352941
0.2227769243898276
0.0
0.02980392156862745
0.14565656565656565
0.1967391304347826
0.013257575757575758
0.08290394202169997
0.0946969696969697
0.02666666666666667
0.1244886031560491
0.043333333333333335
0.22989469760506942
0.10503018108651911
0.2094700533082471
0.11542952460383653
0.21934840560835148
0.10946589106292967
0.25122262929198264
0.09317666460523603
0.0652892561983471
0.16270854284314484
0.1798196886692462
0.04392156862745098
0.15995872033023736
0.1276864728192162
0.11666666666666667
0.10823529411764705
0.24442850310856049
0.023715415019762844
0.09746707193515704
0.10344827586206896
0.023947750362844702
0.02631578947368421
0.04234724742891712
0.056338028169014086
0.23272411821533487
0.014492753623188406
0.059743954480796585
0.25641934188458176
0.17922374429223745
0.19708478357017864
0.12571847865965513
0.09725490196078432
0.07407407407407407
0.042735042735042736
0.12823090779607055
0.0
0.10185185185185185
0.036923076923076927
0.06418621054487744
0.19132520070899803
0.19995722840034216
0.12489795918367347
0.12055543867031349
0.0730804810360777
0.06022408963585434
0.198064333427729
0.15862068965517243
0.12255892255892256
0.25766393825277767
0.2506094588005851
0.15370573201898502
0.08831908831908832
0.21244607420189818
0.18765721952037565
0.08408249603384453
0.1747936214941291
0.14550610820244328
0.0
0.10364886303543099
0.018115942028985508
0.021052631578947368
0.1602910602910603
0.06153846153846154
0.18179271708683473
0.14849206349206348
0.015384615384615385
0.021052631578947368
0.09473684210526316
0.09
0.014701951349906442
0.010526315789473684
0.014492753623188406
0.14369747899159663
0.11463046757164404
0.19917960607715715
0.10889192886456908
0.008547008547008548
0.10752688172043011
0.15061058344640435
0.14888034417006793
0.14701754385964913
0.025974025974025976
0.19778032150500174
0.19228065823203505
0.08078431372549019
0.1364655550114688
0.011494252873563218
0.10661268556005399
0.13544358311800173
0.07837301587301587
0.1799170164345889
0.05238095238095238
0.14791133844842286
0.19272179155900085
0.20480474370340226
0.12035087719298246
0.00853658536585366
0.17027336181338562
0.08405797101449275
0.0761904761904762
0.15142539800074048
0.1280148423005566
0.23378664757975104
0.20824633554782243
0.14611338398597312
0.1585244267198405
0.010526315789473684
0.05263157894736842
0.1903099545117952
0.085308469850122
0.103424178895877
0.018115942028985508
0.03463203463203463
0.09933435739887353
0.13476490188818957
0.09040867389491243
0.1401931401931402
0.04
0.08215873015873015
0.10366300366300367
0.09473684210526316
0.02462121212121212
0.2191346029278404
0.2619128907964688
0.11267383059418458
0.056025369978858354
0.07246376811594203
0.21220844310222964
0.004761904761904762
0.08534850640113797
0.06471631205673758
0.17799404469533706
0.16017080745341614
0.0
0.05698005698005698
0.004329004329004329
0.11014184397163121
0.1711229946524064
0.07337202974786868
0.06039488966318235
0.1997667998285057
0.14732704402515723
0.13097360156183685
0.11819727891156463
0.22730923694779118
0.1147936507936508
0.17113095238095238
0.15762191896752353
0.0
0.1765616362631288
0.164729408823897
0.24884957112890294
0.07126207126207126
0.1946564885496183
0.09098039215686274
0.13845338180716504
0.1272484864380478
0.03686635944700461
0.11365953109072376
0.17291520299759425
0.04
0.006153846153846154
0.05263157894736842
0.014778325123152709
0.1966205837173579
0.0463768115942029
0.16146794119291186
0.09555661729574773
0.06057692307692308
0.30845132286520754
0.051094890510948905
0.05194805194805195
0.11343283582089553
0.03893557422969188
0.04551920341394026
0.18194029850746268
0.031746031746031744
0.07315315315315316
0.016666666666666666
0.1641025641025641
0.11236687676592046
0.06443798449612403
0.12505050505050505
0.1940219880897847
0.14329631720936067
0.23986132387325648
0.23538317377556087
0.04843304843304843
0.0735930735930736
0.0481283422459893
0.024024024024024024
0.07142857142857142
0.20730807086614172
0.11338398597311514
0.15220125786163521
0.05263157894736842
0.14715919809298417
0.2171551787639539
0.02275960170697013
0.12763982362497098
0.20499108734402852
0.009523809523809525
0.2002209236871174
0.0467687074829932
0.16502697556331322
0.10526315789473684
0.19888816925734024
0.09616499442586399
0.17857142857142858
0.24086433778282684
0.05128205128205128
0.029900332225913623
0.05643513789581205
0.06206896551724138
0.0848712690817954
0.07163561076604555
0.07531531531531531
0.16602287358933576
0.1750196466144447
0.12723511157085857
0.15415533020034627
0.237510907504363
0.11596638655462185
0.10821256038647344
0.12645348837209303
0.1304145319049837
0.04736842105263158
0.16226145739298387
0.09096045197740113
0.20259260480918298
0.1233623453962437
0.10750256937307297
0.15085817524841916
0.17983193277310924
0.13286713286713286
0.15021770682148042
0.11976911976911978
0.20192099567099567
0.017948717948717947
0.05189189189189189
0.030107526881720432
0.07419712070874862
0.18597851217190262
0.17267637178051512
0.0064516129032258064
0.14962878355225587
0.2669472060734787
0.14789687924016282
0.15319910514541388
0.18481918700924096
0.1558406843090083
0.049910873440285206
0.12648221343873517
0.05161290322580645
0.1106612685560054
0.010080645161290322
0.05627705627705628
0.04329004329004329
0.04827586206896552
0.06666666666666667
0.03684210526315789
0.024915824915824916
0.06037414965986394
0.08633093525179857
0.06666666666666667
0.050724637681159424
0.03643724696356275
0.09885057471264368
0.10876303183995492
0.11785234899328859
0.22941176470588234
0.10287141073657928
0.034482758620689655
0.042105263157894736
0.18107065416349863
0.09725490196078432
0.19085495207667733
0.14945054945054945
0.11318897637795275
0.03684210526315789
0.0192090395480226
0.10937968234941564
0.12685140946010512
0.0928030303030303
0.032667876588021776
0.11692307692307692
0.22144605381599602
0.16914464511871946
0.07564102564102564
0.1154521510096576
0.03684210526315789
0.04354354354354354
0.03870967741935484
0.12585812356979406
